MEMORY
  total            13.3 MB
  struct          159.0 KB
  buffer          136.9 KB
  arena            13.0 MB, used 0.2%

SIZES
  narena                13631488
  nbuffer               140144
  nplugin               0
  maxuse_stack          2496
  maxuse_arena          31408
  maxuse_con            4
  maxuse_efc            20
  ncon                  0
  ne                    0
  nf                    6
  nl                    0
  nefc                  6
  nJ                    36
  nA                    0
  nisland               0
  threadpool            0

TIMER
    0:  duration =  0.074      number = 1
    1:  duration =  0.073      number = 1
    2:  duration =  0          number = 0
    3:  duration =  0.057      number = 1
    4:  duration =  0.0035     number = 1
    5:  duration =  0.0011     number = 1
    6:  duration =  0.0078     number = 1
    7:  duration =  0.00031    number = 1
    8:  duration =  0.025      number = 1
    9:  duration =  0.0015     number = 2
    10:  duration =  0.025      number = 1
    11:  duration =  0.0045     number = 1
    12:  duration =  0.00017    number = 1
    13:  duration =  0.0055     number = 1
    14:  duration =  0.011      number = 1

SOLVER STAT
  solver_fwdinv =   0         0       
  ISLAND 0
    solver_niter = 1
    solver_nnz = 36
      0:  improvement =  3e-13       gradient =  5.1e-17     lineslope =  1.3e-22 
          nactive = 6   nchange = 0   neval = 2   nupdate = 0

ENERGY =   0         0       

TIME =  1.8     

QPOS
  -0.0018  
   0.017   
   0.011   
   0.0038  
  -0.00038 
  -8.2e-05 

QVEL
   0.0007  
   0.00076 
  -0.00085 
  -0.00062 
   0.0002  
  -1.9e-05 

QACC_WARMSTART
  -0.00027 
  -0.00031 
   0.0004  
   0.00031 
  -0.0001  
   9.7e-06 

CTRL
   0       
   0       
   0       
   0       
   0       
   0       

QFRC_APPLIED
   0       
   0       
   0       
   0       
   0       
   0       

XFRC_APPLIED
   0         0         0         0         0         0       
   0         0         0         0         0         0       
   0         0         0         0         0         0       
   0         0         0         0         0         0       
   0         0         0         0         0         0       
   0         0         0         0         0         0       
   0         0         0         0         0         0       
   0         0         0         0         0         0       
   0         0         0         0         0         0       

QACC
  -0.00027 
  -0.00031 
   0.0004  
   0.00031 
  -0.0001  
   9.7e-06 

XPOS
   0         0         0       
   0         0         0.01    
   0         0         0.01    
   0        -0.045     0.027   
  -5.6e-05  -0.076     0.13    
  -0.00026  -0.19      0.099   
  -0.00051  -0.32      0.1     
  -0.00061  -0.38      0.099   
  -0.00067  -0.41      0.12    

XQUAT
   1         0         0         0       
   1         0         0         0       
   1         0         0         0       
   0.71      0.71     -0.00064  -0.00064 
  -0.0085    1        -0.00091   7.8e-06 
   0.7       0.72     -0.00065  -0.00063 
   1         0.016    -1.5e-05  -0.00091 
   0.71      0.012     0.71      0.011   
  -0.71     -0.011     0.71      0.012   

XMAT
   1         0         0         0         1         0         0         0         1       
   1         0         0         0         1         0         0         0         1       
   1         0         0         0         1         0         0         0         1       
   1         1.1e-19  -0.0018   -0.0018   -4.2e-06  -1        -7.7e-09   1        -4.2e-06 
   1        -0.0018    3.1e-05  -0.0018   -1         0.017    -7.7e-09  -0.017    -1       
   1        -5.2e-05  -0.0018   -0.0018   -0.028    -1        -7.7e-09   1        -0.028   
   1         0.0018   -5.9e-05  -0.0018    1        -0.032    -7.7e-09   0.032     1       
   0.00045   0.0018    1         0.032     1        -0.0018   -1         0.032     0.00039 
  -0.00045   0.0018   -1        -0.032     1         0.0018    1         0.032    -0.00039 

XIPOS
   0         0         0       
   0         0         0.02    
   4.5e-06  -0.015     0.038   
  -0.00015  -0.076     0.086   
  -0.0002   -0.15      0.12    
  -0.0038   -0.26      0.098   
  -0.0091   -0.36      0.099   
  -0.00018  -0.41      0.092   
  -0.0012   -0.44      0.12    

XIMAT
   1         0         0         0         1         0         0         0         1       
   1         0         0         0         1         0         0         0         1       
  -3e-05    -1        -0.00085  -0.67      0.00066  -0.75      0.75      0.00054  -0.67    
  -0.35     -0.94      0.017    -0.92      0.35      0.17     -0.16      0.041    -0.99    
   7.7e-05  -1         0.013     0.0023    0.013     1        -1        -4.8e-05   0.0023  
  -0.0021   -0.98      0.2      -0.049    -0.2      -0.98      1        -0.012    -0.047   
   0.00013   0.15      0.99     -0.028    -0.99      0.15      1        -0.028     0.0041  
   0.99      0.12     -0.018     0.037    -0.43     -0.9      -0.12      0.89     -0.43    
  -0.0014   -1         0.027    -0.098    -0.027    -0.99      1        -0.0041   -0.098   

XANCHOR
   0        -0.045     0.027   
  -5.6e-05  -0.076     0.13    
  -0.00026  -0.19      0.099   
  -0.00051  -0.32      0.1     
  -0.00061  -0.38      0.099   
  -0.00067  -0.41      0.12    

XAXIS
   0        -4.2e-06   1       
   1        -0.0018   -7.7e-09 
   1        -0.0018   -7.7e-09 
   1        -0.0018   -7.7e-09 
   0.0018    1         0.032   
  -1         0.0018   -0.00039 

GEOM_XPOS
   0         0        -0.75    
   0.00022   2e-06    -0.0072  
   0.00023  -3.5e-09  -0.38    
   0         0        -0.1     
   4.5e-06  -0.015     0.038   
   2.1e-09  -0.034     0.056   
   4.5e-06  -0.015     0.038   
  -0.00015  -0.073     0.075   
   0.00023  -0.076     0.12    
  -0.00015  -0.073     0.075   
  -0.00028  -0.13      0.13    
   2.2e-05  -0.19      0.11    
  -0.00028  -0.13      0.13    
  -0.0037   -0.25      0.098   
  -0.0002   -0.31      0.1     
  -0.0037   -0.25      0.098   
  -0.0072   -0.35      0.1     
  -0.013    -0.37      0.099   
  -0.0072   -0.35      0.1     
  -0.00029  -0.41      0.087   
  -0.00045  -0.41      0.11    
  -0.00071  -0.44      0.075   
  -0.00051  -0.4       0.095   
  -0.0008   -0.48      0.086   
  -0.00078  -0.47      0.085   
  -0.00075  -0.46      0.083   
  -0.00071  -0.44      0.082   
  -0.00083  -0.43      0.12    
  -0.00081  -0.48      0.11    
  -0.00074  -0.45      0.12    
  -0.00074  -0.41      0.12    
  -0.0008   -0.48      0.1     
  -0.00079  -0.47      0.11    
  -0.00076  -0.46      0.11    
  -0.00073  -0.44      0.11    

GEOM_XMAT
   1         0         0         0         1         0         0         0         1       
   0         8.1e-06   1         0        -1         8.1e-06   1         0         0       
   0.00083   1.8e-06   1         0.0021   -1         2.3e-17   1         0.0021   -0.00083 
   1         0         0         0         1         0         0         0         1       
  -3e-05    -1        -0.00085  -0.67      0.00066  -0.75      0.75      0.00054  -0.67    
   1         0         0         0         0.025    -1         0         1         0.025   
  -3e-05    -1        -0.00085  -0.67      0.00066  -0.75      0.75      0.00054  -0.67    
   1         0.051     0.005     0.046    -0.93      0.35      0.023    -0.35     -0.93    
  -0.0018   -1         0.025    -1         0.0018   -4.1e-05  -4.2e-06  -0.025    -1       
   1         0.051     0.005     0.046    -0.93      0.35      0.023    -0.35     -0.93    
  -0.0032   -1        -0.0061    0.00084  -0.0061    1        -1         0.0032    0.00086 
  -0.0018   -1        -0.025    -1         0.0014    0.017    -0.017     0.025    -1       
  -0.0032   -1        -0.0061    0.00084  -0.0061    1        -1         0.0032    0.00086 
  -0.007    -0.99      0.13     -0.016    -0.13     -0.99      1        -0.009    -0.015   
  -5.2e-05  -1        -0.027    -0.028     0.027    -1         1         0.00071  -0.028   
  -0.007    -0.99      0.13     -0.016    -0.13     -0.99      1        -0.009    -0.015   
  -0.00029  -0.85     -0.53     -0.034     0.53     -0.85      1         0.018    -0.029   
  -5.9e-05  -0.18      0.98     -0.032    -0.98     -0.18      1        -0.032    -0.0058  
  -0.00029  -0.85     -0.53     -0.034     0.53     -0.85      1         0.018    -0.029   
   0.99      0.14     -0.0047    0.047    -0.38     -0.93     -0.13      0.92     -0.38    
   0.0018    1        -0.024     1        -0.001     0.032     0.032    -0.025    -1       
   1.6e-05   1        -0.0019   -0.2      -0.0018   -0.98     -0.98      0.00039   0.2     
   0.032     1        -0.013     1        -0.033    -0.051    -0.051    -0.011    -1       
   0.00045   0.0018    1         0.032     1        -0.0018   -1         0.032     0.00039 
   0.00045   0.0018    1         0.032     1        -0.0018   -1         0.032     0.00039 
   0.00045   0.0018    1         0.032     1        -0.0018   -1         0.032     0.00039 
   0.00045   0.0018    1         0.032     1        -0.0018   -1         0.032     0.00039 
  -0.00058  -1        -0.00055  -0.11      0.00061  -0.99      0.99     -0.00052  -0.11    
  -0.0012   -1        -0.0015   -0.45      0.0018   -0.89      0.89     -0.00039  -0.45    
  -0.00056  -1        -0.0018   -0.092     0.0018   -1         1        -0.00039  -0.092   
  -0.00059  -0.0035   -1        -0.11      0.99     -0.0034    0.99      0.11     -0.00096 
  -0.00045   0.0018   -1        -0.032     1         0.0018    1         0.032    -0.00039 
  -0.00045   0.0018   -1        -0.032     1         0.0018    1         0.032    -0.00039 
  -0.00045   0.0018   -1        -0.032     1         0.0018    1         0.032    -0.00039 
  -0.00045   0.0018   -1        -0.032     1         0.0018    1         0.032    -0.00039 

SITE_XPOS
   0         0        -0.75    

SITE_XMAT
   1         0         0         0         1         0         0         0         1       

CAM_XPOS
   0        -0.3       1       
   0        -0.38      0.032   

CAM_XMAT
   1         0         0         0         0.91     -0.42      0         0.42      0.91    
   1         0         0         0        -0.095    -1         0         1        -0.095   

LIGHT_XPOS
   0         0         1.5     

LIGHT_XDIR
   0         0        -1       

SUBTREE_COM
  -0.0011   -0.13      0.072   
  -0.0011   -0.13      0.072   
  -0.0011   -0.13      0.072   
  -0.0021   -0.23      0.1     
  -0.0025   -0.27      0.11    
  -0.0037   -0.34      0.098   
  -0.0036   -0.39      0.097   
  -0.00036  -0.42      0.096   
  -0.0012   -0.44      0.12    

CDOF
   0        -4.2e-06   1         0.084    -0.0011   -4.5e-09 
   1        -0.0018   -7.7e-09   0.0001    0.057    -0.053   
   1        -0.0018   -7.7e-09   5e-05     0.027     0.059   
   1        -0.0018   -7.7e-09   5.2e-05   0.029     0.19    
   0.0018    1         0.032    -0.035     3.4e-05   0.00091 
  -1         0.0018   -0.00039   2.5e-05  -0.046    -0.28    

CINERT
   0         0         0         0         0         0         0         0         0         0       
   0         0         0         0         0         0         0         0        -0         0       
   0.0084    0.0011    0.0078   -6.9e-05   2e-05     0.002     0.0006    0.064    -0.019     0.56    
   0.00042   8.1e-05   0.00037  -5.8e-06  -1e-06    -8.3e-05   0.00011   0.0063    0.0016    0.12    
   0.00067   0.00053   0.00026   1.1e-06  -7.5e-06   0.00014   0.00014  -0.0027    0.0086    0.16    
   0.0029    0.00016   0.0029   -4.3e-05   1.1e-05   0.00053  -0.0004   -0.02      0.0039    0.15    
   0.0035    7.8e-05   0.0035   -0.00012   1.5e-05   0.00042  -0.00053  -0.015     0.0018    0.066   
   0.0075    6.9e-05   0.0074    2.3e-05  -2.3e-06   0.00052   8.3e-05  -0.026     0.0019    0.093   
   0.002     4.1e-05   0.0019   -4.9e-07   1e-07     0.00027  -2.1e-06  -0.0063    0.00088   0.02    

ACTUATOR_LENGTH
  -0.0018  
   0.017   
   0.011   
   0.0038  
  -0.00039 
  -8.2e-05 

actuator_moment
--------
 x      |
  x     |
   x    |
    x   |
     x  |
      x |
--------

ACTUATOR_MOMENT
     0:  1       
     1:  1       
     2:  1       
     3:  1       
     4:  1       
     5:  1       

CRB
   0         0         0         0         0         0         0         0         0         0       
   0.025     0.0021    0.024    -0.00022   3.5e-05   0.0038   -1.1e-19   0        -1.4e-17   1.2     
   0.025     0.0021    0.024    -0.00022   3.5e-05   0.0038   -1.1e-19   0        -1.4e-17   1.2     
   0.017     0.00095   0.016    -0.00015   1.5e-05   0.0018   -0.0006   -0.064     0.019     0.61    
   0.017     0.00087   0.016    -0.00014   1.6e-05   0.0019   -0.00071  -0.07      0.017     0.49    
   0.016     0.00034   0.016    -0.00014   2.4e-05   0.0017   -0.00085  -0.068     0.0085    0.33    
   0.013     0.00019   0.013    -0.0001    1.2e-05   0.0012   -0.00045  -0.048     0.0046    0.18    
   0.0094    0.00011   0.0094    2.3e-05  -2.2e-06   0.0008    8e-05    -0.032     0.0028    0.11    
   0.002     4.1e-05   0.0019   -4.9e-07   1e-07     0.00027  -2.1e-06  -0.0063    0.00088   0.02    

QM
   0.13    
  -3.1e-05   0.13    
   8.4e-08   0.014     0.11    
  -7.4e-07   0.0043    0.0029    0.1     
  -4.6e-05   1.2e-05   7.8e-06   2.9e-06   0.1     
  -8.9e-08  -0.00023  -0.00016  -7.9e-05   1e-07     0.1     

QLD
     0:  0.13    
     0: -0.00025    1:  0.12    
     0:  1e-06      1:  0.13       2:  0.11    
     0: -7.3e-06    1:  0.043      2:  0.029      3:  0.1     
     0: -0.00046    1:  0.00012    2:  7.8e-05    3:  2.9e-05    4:  0.1     
     0: -8.9e-07    1: -0.0023     2: -0.0016     3: -0.00079    4:  1e-06      5:  0.1     

QLDIAGINV
   7.6     
   8.1     
   9.2     
   9.9     
   10      
   10      

B: body-dof matrix
--------
 xxxxxx |
 xxxxxx |
 xxxxxx |
 xxxxxx |
 xxxxxx |
 xxxxxx |
 xxxxxx |
 xxxxxx |
 xxxxxx |
--------

B_rownnz              6 6 6 6 6 6 6 6 6

B_rowadr              0 6 12 18 24 30 36 42 48

B_colind              0 1 2 3 4 5 0 1 2 3 4 5 0 1 2 3 4 5 0 1 2 3 4 5 0 1 2 3 4 5 0 1 2 3 4 5 0 1 2 3 4 5 0 1 2 3 4 5 0 1 2 3 4 5

M: inertia matrix
--------
 x      |
 xx     |
 xxx    |
 xxxx   |
 xxxxx  |
 xxxxxx |
--------

M_rownnz              1 2 3 4 5 6

M_rowadr              0 1 3 6 10 15

M_colind              0 0 1 0 1 2 0 1 2 3 0 1 2 3 4 0 1 2 3 4 5

mapM2M                0 2 1 5 4 3 9 8 7 6 14 13 12 11 10 20 19 18 17 16 15

C: reduced dof-dof matrix
--------
 x      |
 xx     |
 xxx    |
 xxxx   |
 xxxxx  |
 xxxxxx |
--------

C_rownnz              1 2 3 4 5 6

C_rowadr              0 1 3 6 10 15

C_colind              0 0 1 0 1 2 0 1 2 3 0 1 2 3 4 0 1 2 3 4 5

mapM2C                0 2 1 5 4 3 9 8 7 6 14 13 12 11 10 20 19 18 17 16 15

D: dof-dof matrix
--------
 Dxxxxx |
 xDxxxx |
 xxDxxx |
 xxxDxx |
 xxxxDx |
 xxxxxD |
--------

D_rownnz              6 6 6 6 6 6

D_rowadr              0 6 12 18 24 30

D_colind              0 1 2 3 4 5 0 1 2 3 4 5 0 1 2 3 4 5 0 1 2 3 4 5 0 1 2 3 4 5 0 1 2 3 4 5

mapM2D                0 2 5 9 14 20 2 1 4 8 13 19 5 4 3 7 12 18 9 8 7 6 11 17 14 13 12 11 10 16 20 19 18 17 16 15

mapD2M                0 7 6 14 13 12 21 20 19 18 28 27 26 25 24 35 34 33 32 31 30

CONTACT
EFC_TYPE
  1
  1
  1
  1
  1
  1

EFC_ID
  0
  1
  2
  3
  4
  5

EFC_J
   1         0         0         0         0         0       
   0         1         0         0         0         0       
   0         0         1         0         0         0       
   0         0         0         1         0         0       
   0         0         0         0         1         0       
   0         0         0         0         0         1       

EFC_POS
   0       
   0       
   0       
   0       
   0       
   0       

EFC_MARGIN
   0       
   0       
   0       
   0       
   0       
   0       

EFC_FRICTIONLOSS
   0.1     
   0.1     
   0.1     
   0.1     
   0.1     
   0.1     

EFC_DIAGAPPROX
   7.6     
   8.1     
   9.3     
   9.9     
   10      
   10      

EFC_KBIP
   0         1.1e+02   0.9       0       
   0         1.1e+02   0.9       0       
   0         1.1e+02   0.9       0       
   0         1.1e+02   0.9       0       
   0         1.1e+02   0.9       0       
   0         1.1e+02   0.9       0       

EFC_D
   1.2     
   1.1     
   0.96    
   0.91    
   0.9     
   0.9     

EFC_R
   0.85    
   0.9     
   1       
   1.1     
   1.1     
   1.1     

ACTUATOR_VELOCITY
   0.0007  
   0.00076 
  -0.00085 
  -0.00062 
   0.0002  
  -1.9e-05 

CVEL
   0         0         0         0         0         0       
   0         0         0         0         0         0       
   0         0         0         0         0         0       
   0        -3e-09     0.0007    5.9e-05  -7.5e-07  -3.2e-12 
   0.00076  -1.4e-06   0.0007    5.9e-05   4.3e-05  -4.1e-05 
  -9.4e-05   1.7e-07   0.0007    5.9e-05   1.9e-05  -9.1e-05 
  -0.00071   1.3e-06   0.0007    5.9e-05   1.7e-06  -0.00021 
  -0.00071   0.0002    0.00071   5.2e-05   1.7e-06  -0.00021 
  -0.00069   0.0002    0.00071   5.2e-05   2.6e-06  -0.0002  

CDOF_DOT
   0         0        -0         0         0        -0       
   1.3e-06   0.0007    3e-09    -4e-05     7.3e-08   6.4e-07 
   1.3e-06   0.0007    3e-09    -1.9e-05  -8.5e-05  -2.2e-05 
   1.3e-06   0.0007    3e-09    -2e-05    -7.2e-05  -2.2e-05 
  -0.0007    2.4e-05  -0.00071   0.00021  -2.6e-05   5.9e-05 
  -1.4e-06  -0.00071   0.0002   -2.3e-05   1.2e-05   3.5e-05 

QFRC_BIAS
  -5.5e-08 
  -0.95    
  -0.47    
  -0.13    
  -0.00035 
   0.006   

QFRC_SPRING
   0       
   0       
   0       
   0       
   0       
   0       

QFRC_DAMPER
   0       
   0       
   0       
   0       
   0       
   0       

QFRC_GRAVCOMP
   0       
   0       
   0       
   0       
   0       
   0       

QFRC_FLUID
   0       
   0       
   0       
   0       
   0       
   0       

QFRC_PASSIVE
   0       
   0       
   0       
   0       
   0       
   0       

EFC_VEL
   0.0007  
   0.00076 
  -0.00085 
  -0.00062 
   0.0002  
  -1.9e-05 

EFC_AREF
  -0.074   
  -0.08    
   0.09    
   0.065   
  -0.021   
   0.002   

SUBTREE_LINVEL
   0         0         0       
   0         0         0       
   0         0         0       
   0         0         0       
   0         0         0       
   0         0         0       
   0         0         0       
   0         0         0       
   0         0         0       

SUBTREE_ANGMOM
   0         0         0       
   0         0         0       
   0         0         0       
   0         0         0       
   0         0         0       
   0         0         0       
   0         0         0       
   0         0         0       
   0         0         0       

ACTUATOR_FORCE
   0.087   
  -0.86    
  -0.56    
  -0.18    
   0.018   
   0.0042  

QFRC_ACTUATOR
   0.087   
  -0.86    
  -0.56    
  -0.18    
   0.018   
   0.0042  

QFRC_SMOOTH
   0.087   
   0.088   
  -0.086   
  -0.059   
   0.019   
  -0.0018  

QACC_SMOOTH
   0.67    
   0.83    
  -0.89    
  -0.59    
   0.19    
  -0.018   

EFC_B
   0.74    
   0.91    
  -0.97    
  -0.66    
   0.21    
  -0.02    

EFC_FORCE
  -0.087   
  -0.088   
   0.086   
   0.059   
  -0.019   
   0.0018  

EFC_STATE
  1
  1
  1
  1
  1
  1

QFRC_CONSTRAINT
  -0.087   
  -0.088   
   0.086   
   0.059   
  -0.019   
   0.0018  

QFRC_INVERSE
   0       
   0       
   0       
   0       
   0       
   0       

CACC
   0         0         0         0         0         0       
   0         0         0         0         0         0       
   0         0         0         0         0         0       
   0         0         0         0         0         0       
   0         0         0         0         0         0       
   0         0         0         0         0         0       
   0         0         0         0         0         0       
   0         0         0         0         0         0       
   0         0         0         0         0         0       

CFRC_INT
   0         0         0         0         0         0       
   0         0         0         0         0         0       
   0         0         0         0         0         0       
   0         0         0         0         0         0       
   0         0         0         0         0         0       
   0         0         0         0         0         0       
   0         0         0         0         0         0       
   0         0         0         0         0         0       
   0         0         0         0         0         0       

CFRC_EXT
   0         0         0         0         0         0       
   0         0         0         0         0         0       
   0         0         0         0         0         0       
   0         0         0         0         0         0       
   0         0         0         0         0         0       
   0         0         0         0         0         0       
   0         0         0         0         0         0       
   0         0         0         0         0         0       
   0         0         0         0         0         0       

